 Neutron Energy  Cross Section
        eV            barn
   1.000000E-05   1.175452E+03  
   1.031250E-05   1.157510E+03  
   1.058594E-05   1.142467E+03  
   1.085938E-05   1.127995E+03  
   1.113282E-05   1.114060E+03  
   1.140625E-05   1.100630E+03  
   1.167969E-05   1.087674E+03  
   1.195313E-05   1.075165E+03  
   1.250000E-05   1.051390E+03  
   1.281250E-05   1.038494E+03  
   1.312500E-05   1.026060E+03  
   1.343750E-05   1.014063E+03  
   1.375000E-05   1.002478E+03  
   1.437500E-05   9.804502E+02  
   1.500000E-05   9.598146E+02  
   1.562500E-05   9.404300E+02  
   1.625000E-05   9.221749E+02  
   1.687500E-05   9.049437E+02  
   1.750000E-05   8.886443E+02  
   1.812500E-05   8.731954E+02  
   1.875000E-05   8.585257E+02  
   1.937500E-05   8.445718E+02  
   2.000000E-05   8.312773E+02  
   2.093750E-05   8.124633E+02  
   2.187500E-05   7.948724E+02  
   2.281250E-05   7.783774E+02  
   2.375000E-05   7.628692E+02  
   2.468750E-05   7.482532E+02  
   2.562500E-05   7.344470E+02  
   2.656250E-05   7.213784E+02  
   2.750000E-05   7.089842E+02  
   2.843750E-05   6.972081E+02  
   2.937500E-05   6.860005E+02  
   3.031250E-05   6.753171E+02  
   3.125000E-05   6.651182E+02  
   3.218750E-05   6.553683E+02  
   3.312500E-05   6.460355E+02  
   3.406250E-05   6.370908E+02  
   3.500000E-05   6.285080E+02  
   3.593750E-05   6.202633E+02  
   3.687500E-05   6.123362E+02  
   3.781250E-05   6.047049E+02  
   3.875000E-05   5.973523E+02  
   3.968750E-05   5.902619E+02  
   4.062500E-05   5.834185E+02  
   4.250000E-05   5.704175E+02  
   4.437500E-05   5.582498E+02  
   4.625000E-05   5.468301E+02  
   4.812500E-05   5.360846E+02  
   5.000000E-05   5.259497E+02  
   5.156250E-05   5.179298E+02  
   5.312500E-05   5.102666E+02  
   5.468750E-05   5.029344E+02  
   5.625000E-05   4.959099E+02  
   5.781250E-05   4.891724E+02  
   5.937500E-05   4.827027E+02  
   6.093750E-05   4.764836E+02  
   6.250000E-05   4.704993E+02  
   6.406250E-05   4.647354E+02  
   6.562500E-05   4.591787E+02  
   6.718750E-05   4.538171E+02  
   6.875000E-05   4.486395E+02  
   7.187500E-05   4.387957E+02  
   7.500000E-05   4.295746E+02  
   7.812500E-05   4.209123E+02  
   8.125000E-05   4.127551E+02  
   8.437500E-05   4.050556E+02  
   8.750000E-05   3.977727E+02  
   9.062500E-05   3.908700E+02  
   9.375000E-05   3.843158E+02  
   9.687500E-05   3.780815E+02  
   1.000000E-04   3.721420E+02  
   1.031250E-04   3.664748E+02  
   1.062500E-04   3.610598E+02  
   1.093750E-04   3.558787E+02  
   1.125000E-04   3.509152E+02  
   1.156250E-04   3.461545E+02  
   1.187500E-04   3.415832E+02  
   1.218750E-04   3.371890E+02  
   1.250000E-04   3.329608E+02  
   1.281250E-04   3.288885E+02  
   1.312500E-04   3.249626E+02  
   1.343750E-04   3.211746E+02  
   1.375000E-04   3.175167E+02  
   1.437500E-04   3.105623E+02  
   1.500000E-04   3.040478E+02  
   1.562500E-04   2.979287E+02  
   1.625000E-04   2.921666E+02  
   1.687500E-04   2.867281E+02  
   1.750000E-04   2.815839E+02  
   1.812500E-04   2.767088E+02  
   1.875000E-04   2.720797E+02  
   1.937500E-04   2.676768E+02  
   2.000000E-04   2.634822E+02  
   2.093750E-04   2.575468E+02  
   2.187500E-04   2.519978E+02  
   2.281250E-04   2.467951E+02  
   2.375000E-04   2.419042E+02  
   2.468750E-04   2.372951E+02  
   2.562500E-04   2.329419E+02  
   2.656250E-04   2.288217E+02  
   2.750000E-04   2.249145E+02  
   2.843750E-04   2.212026E+02  
   2.937500E-04   2.176703E+02  
   3.031250E-04   2.143035E+02  
   3.125000E-04   2.110898E+02  
   3.218750E-04   2.080179E+02  
   3.312500E-04   2.050777E+02  
   3.406250E-04   2.022601E+02  
   3.500000E-04   1.995568E+02  
   3.593750E-04   1.969603E+02  
   3.687500E-04   1.944638E+02  
   3.781250E-04   1.920609E+02  
   3.875000E-04   1.897461E+02  
   3.968750E-04   1.875141E+02  
   4.062500E-04   1.853600E+02  
   4.250000E-04   1.812685E+02  
   4.437500E-04   1.774401E+02  
   4.625000E-04   1.738477E+02  
   4.812500E-04   1.704681E+02  
   5.000000E-04   1.672813E+02  
   5.156250E-04   1.647601E+02  
   5.312500E-04   1.623514E+02  
   5.468750E-04   1.600472E+02  
   5.625000E-04   1.578400E+02  
   5.781250E-04   1.557234E+02  
   5.937500E-04   1.536913E+02  
   6.093750E-04   1.517383E+02  
   6.250000E-04   1.498593E+02  
   6.406250E-04   1.480499E+02  
   6.562500E-04   1.463059E+02  
   6.718750E-04   1.446233E+02  
   6.875000E-04   1.429988E+02  
   7.187500E-04   1.399111E+02  
   7.500000E-04   1.370196E+02  
   7.812500E-04   1.343044E+02  
   8.125000E-04   1.317485E+02  
   8.437500E-04   1.293369E+02  
   8.750000E-04   1.270565E+02  
   9.062500E-04   1.248961E+02  
   9.375000E-04   1.228453E+02  
   9.687500E-04   1.208954E+02  
   1.000000E-03   1.190384E+02  
   1.031250E-03   1.172671E+02  
   1.062500E-03   1.155753E+02  
   1.093750E-03   1.139571E+02  
   1.125000E-03   1.124074E+02  
   1.156250E-03   1.109216E+02  
   1.187500E-03   1.094954E+02  
   1.218750E-03   1.081250E+02  
   1.250000E-03   1.068068E+02  
   1.281250E-03   1.055376E+02  
   1.312500E-03   1.043145E+02  
   1.343750E-03   1.031348E+02  
   1.375000E-03   1.019961E+02  
   1.437500E-03   9.983220E+01  
   1.500000E-03   9.780663E+01  
   1.562500E-03   9.590534E+01  
   1.625000E-03   9.411625E+01  
   1.687500E-03   9.242883E+01  
   1.750000E-03   9.083390E+01  
   1.812500E-03   8.932339E+01  
   1.875000E-03   8.789018E+01  
   1.937500E-03   8.652798E+01  
   2.000000E-03   8.523115E+01  
   2.093750E-03   8.339770E+01  
   2.187500E-03   8.168544E+01  
   2.281250E-03   8.008174E+01  
   2.375000E-03   7.857574E+01  
   2.468750E-03   7.715803E+01  
   2.562500E-03   7.582042E+01  
   2.656250E-03   7.455576E+01  
   2.750000E-03   7.335775E+01  
   2.843750E-03   7.222081E+01  
   2.937500E-03   7.114001E+01  
   3.031250E-03   7.011095E+01  
   3.125000E-03   6.912971E+01  
   3.218750E-03   6.819275E+01  
   3.312500E-03   6.729690E+01  
   3.406250E-03   6.643929E+01  
   3.500000E-03   6.561733E+01  
   3.593750E-03   6.482868E+01  
   3.687500E-03   6.407118E+01  
   3.781250E-03   6.334287E+01  
   3.875000E-03   6.264196E+01  
   3.968750E-03   6.196683E+01  
   4.062500E-03   6.131597E+01  
   4.250000E-03   6.008157E+01  
   4.437500E-03   5.892893E+01  
   4.625000E-03   5.784961E+01  
   4.812500E-03   5.683633E+01  
   5.000000E-03   5.588279E+01  
   5.156250E-03   5.512982E+01  
   5.312500E-03   5.441169E+01  
   5.468750E-03   5.372587E+01  
   5.625000E-03   5.307007E+01  
   5.781250E-03   5.244224E+01  
   5.937500E-03   5.184050E+01  
   6.093750E-03   5.126314E+01  
   6.250000E-03   5.070863E+01  
   6.406250E-03   5.017553E+01  
   6.562500E-03   4.966255E+01  
   6.718750E-03   4.916851E+01  
   6.875000E-03   4.869229E+01  
   7.187500E-03   4.778942E+01  
   7.500000E-03   4.694673E+01  
   7.812500E-03   4.615806E+01  
   8.125000E-03   4.541810E+01  
   8.437500E-03   4.472221E+01  
   8.750000E-03   4.406636E+01  
   9.062500E-03   4.344702E+01  
   9.375000E-03   4.286106E+01  
   9.687500E-03   4.230572E+01  
   1.000000E-02   4.177854E+01  
   1.031250E-02   4.127732E+01  
   1.062500E-02   4.080012E+01  
   1.093750E-02   4.034515E+01  
   1.125000E-02   3.991084E+01  
   1.156250E-02   3.949576E+01  
   1.187500E-02   3.909858E+01  
   1.218750E-02   3.871813E+01  
   1.250000E-02   3.835333E+01  
   1.281250E-02   3.800321E+01  
   1.312500E-02   3.766685E+01  
   1.343750E-02   3.734342E+01  
   1.375000E-02   3.703218E+01  
   1.437500E-02   3.644349E+01  
   1.500000E-02   3.589580E+01  
   1.562500E-02   3.538483E+01  
   1.625000E-02   3.490691E+01  
   1.687500E-02   3.445885E+01  
   1.750000E-02   3.403785E+01  
   1.812500E-02   3.364149E+01  
   1.875000E-02   3.326761E+01  
   1.937500E-02   3.291432E+01  
   2.000000E-02   3.257992E+01  
   2.066250E-02   3.224442E+01  
   2.132500E-02   3.192686E+01  
   2.198750E-02   3.162583E+01  
   2.265000E-02   3.134004E+01  
   2.331250E-02   3.106836E+01  
   2.397500E-02   3.080974E+01  
   2.463750E-02   3.056327E+01  
   2.530000E-02   3.032810E+01  
   2.645782E-02   2.994197E+01  
   2.761563E-02   2.958444E+01  
   2.877344E-02   2.925244E+01  
   2.993125E-02   2.894332E+01  
   3.108907E-02   2.865478E+01  
   3.224688E-02   2.838483E+01  
   3.340469E-02   2.813175E+01  
   3.456250E-02   2.789400E+01  
   3.552735E-02   2.770661E+01  
   3.649219E-02   2.752822E+01  
   3.745704E-02   2.735822E+01  
   3.842188E-02   2.719603E+01  
   3.938673E-02   2.704112E+01  
   4.035157E-02   2.689301E+01  
   4.131641E-02   2.675129E+01  
   4.228125E-02   2.661553E+01  
   4.421094E-02   2.636051E+01  
   4.614063E-02   2.612535E+01  
   4.807032E-02   2.590785E+01  
   5.000000E-02   2.570611E+01  
   5.156250E-02   2.555318E+01  
   5.312500E-02   2.540874E+01  
   5.468750E-02   2.527212E+01  
   5.625000E-02   2.514271E+01  
   5.781250E-02   2.501996E+01  
   5.937500E-02   2.490337E+01  
   6.093750E-02   2.479251E+01  
   6.250000E-02   2.468695E+01  
   6.406250E-02   2.458634E+01  
   6.562500E-02   2.449034E+01  
   6.718750E-02   2.439865E+01  
   6.875000E-02   2.431098E+01  
   7.187500E-02   2.414672E+01  
   7.500000E-02   2.399576E+01  
   7.812500E-02   2.385656E+01  
   8.125000E-02   2.372781E+01  
   8.437500E-02   2.360839E+01  
   8.750000E-02   2.349734E+01  
   9.062500E-02   2.339382E+01  
   9.375000E-02   2.329709E+01  
   9.687500E-02   2.320651E+01  
   1.000000E-01   2.312152E+01  
   1.031250E-01   2.304162E+01  
   1.062500E-01   2.296637E+01  
   1.093750E-01   2.289538E+01  
   1.125000E-01   2.282830E+01  
   1.156250E-01   2.276481E+01  
   1.187500E-01   2.270465E+01  
   1.218750E-01   2.264755E+01  
   1.250000E-01   2.259329E+01  
   1.281250E-01   2.254166E+01  
   1.312500E-01   2.249248E+01  
   1.343750E-01   2.244558E+01  
   1.375000E-01   2.240080E+01  
   1.437500E-01   2.231707E+01  
   1.500000E-01   2.224029E+01  
   1.562500E-01   2.216964E+01  
   1.625000E-01   2.210441E+01  
   1.687500E-01   2.204400E+01  
   1.750000E-01   2.198791E+01  
   1.812500E-01   2.193567E+01  
   1.875000E-01   2.188692E+01  
   1.937500E-01   2.184131E+01  
   2.000000E-01   2.179854E+01  
   2.093750E-01   2.173918E+01  
   2.187500E-01   2.168490E+01  
   2.281250E-01   2.163508E+01  
   2.375000E-01   2.158919E+01  
   2.468750E-01   2.154678E+01  
   2.562500E-01   2.150747E+01  
   2.656250E-01   2.147093E+01  
   2.750000E-01   2.143689E+01  
   2.843750E-01   2.140508E+01  
   2.937500E-01   2.137531E+01  
   3.031250E-01   2.134737E+01  
   3.125000E-01   2.132111E+01  
   3.218750E-01   2.129638E+01  
   3.312500E-01   2.127304E+01  
   3.406250E-01   2.125099E+01  
   3.500000E-01   2.123012E+01  
   3.593750E-01   2.121034E+01  
   3.687500E-01   2.119156E+01  
   3.781250E-01   2.117371E+01  
   3.875000E-01   2.115673E+01  
   3.968750E-01   2.114055E+01  
   4.062500E-01   2.112511E+01  
   4.250000E-01   2.109627E+01  
   4.437500E-01   2.106987E+01  
   4.625000E-01   2.104561E+01  
   5.000000E-01   2.100254E+01  
   5.312500E-01   2.097128E+01  
   5.625000E-01   2.094349E+01  
   5.937500E-01   2.091862E+01  
   6.250000E-01   2.089623E+01  
   6.875000E-01   2.085756E+01  
   7.500000E-01   2.082531E+01  
   8.125000E-01   2.079802E+01  
   8.750000E-01   2.077461E+01  
   9.375000E-01   2.075432E+01  
   1.000000E+00   2.073656E+01  
   1.062500E+00   2.072088E+01  
   1.125000E+00   2.070694E+01  
   1.187500E+00   2.069446E+01  
   1.250000E+00   2.068322E+01  
   1.375000E+00   2.066380E+01  
   1.500000E+00   2.064761E+01  
   1.625000E+00   2.063390E+01  
   1.750000E+00   2.062213E+01  
   1.875000E+00   2.061193E+01  
   2.000000E+00   2.060299E+01  
   2.187500E+00   2.059149E+01  
   2.375000E+00   2.058180E+01  
   2.562500E+00   2.057351E+01  
   2.750000E+00   2.056635E+01  
   2.937500E+00   2.056009E+01  
   3.125000E+00   2.055458E+01  
   3.312500E+00   2.054968E+01  
   3.500000E+00   2.054531E+01  
   3.875000E+00   2.053782E+01  
   4.250000E+00   2.053163E+01  
   4.625000E+00   2.052643E+01  
   5.000000E+00   2.052201E+01  
   5.312500E+00   2.051879E+01  
   5.625000E+00   2.051593E+01  
   5.937500E+00   2.051336E+01  
   6.250000E+00   2.051104E+01  
   6.875000E+00   2.050703E+01  
   7.500000E+00   2.050368E+01  
   8.125000E+00   2.050083E+01  
   8.750000E+00   2.049837E+01  
   9.375000E+00   2.049624E+01  
   1.000000E+01   2.049436E+01  
   1.062500E+01   2.049270E+01  
   1.125000E+01   2.049122E+01  
   1.187500E+01   2.048989E+01  
   1.250000E+01   2.048869E+01  
   1.375000E+01   2.048660E+01  
   1.500000E+01   2.048486E+01  
   1.625000E+01   2.048336E+01  
   1.750000E+01   2.048207E+01  
   1.875000E+01   2.048095E+01  
   2.000000E+01   2.047996E+01  
   2.187500E+01   2.047867E+01  
   2.375000E+01   2.047758E+01  
   2.562500E+01   2.047663E+01  
   2.750000E+01   2.047581E+01  
   2.937500E+01   2.047508E+01  
   3.125000E+01   2.047444E+01  
   3.312500E+01   2.047386E+01  
   3.500000E+01   2.047334E+01  
   3.875000E+01   2.047243E+01  
   4.250000E+01   2.047168E+01  
   4.625000E+01   2.047103E+01  
   5.000000E+01   2.047046E+01  
   5.312500E+01   2.047005E+01  
   5.625000E+01   2.046968E+01  
   5.937500E+01   2.046934E+01  
   6.250000E+01   2.046903E+01  
   6.875000E+01   2.046848E+01  
   7.500000E+01   2.046802E+01  
   8.125000E+01   2.046761E+01  
   8.750000E+01   2.046725E+01  
   9.375000E+01   2.046693E+01  
   1.000000E+02   2.046619E+01  
   1.062500E+02   2.046332E+01  
   1.125000E+02   2.046019E+01  
   1.187500E+02   2.045724E+01  
   1.250000E+02   2.045446E+01  
   1.375000E+02   2.044930E+01  
   1.500000E+02   2.044459E+01  
   1.625000E+02   2.044028E+01  
   1.750000E+02   2.043629E+01  
   1.875000E+02   2.043258E+01  
   2.000000E+02   2.042913E+01  
   2.187500E+02   2.042435E+01  
   2.375000E+02   2.041996E+01  
   2.562500E+02   2.041592E+01  
   2.750000E+02   2.041216E+01  
   2.937500E+02   2.040866E+01  
   3.125000E+02   2.040538E+01  
   3.312500E+02   2.040229E+01  
   3.500000E+02   2.039938E+01  
   3.875000E+02   2.039402E+01  
   4.250000E+02   2.038914E+01  
   4.625000E+02   2.038469E+01  
   5.000000E+02   2.038059E+01  
   5.312500E+02   2.037739E+01  
   5.625000E+02   2.037439E+01  
   5.937500E+02   2.037156E+01  
   6.250000E+02   2.036887E+01  
   6.875000E+02   2.036387E+01  
   7.500000E+02   2.035931E+01  
   8.125000E+02   2.035512E+01  
   8.750000E+02   2.035125E+01  
   9.375000E+02   2.034764E+01  
   1.000000E+03   2.034350E+01  
   1.062500E+03   2.032456E+01  
   1.125000E+03   2.030600E+01  
   1.250000E+03   2.027180E+01  
   1.375000E+03   2.024089E+01  
   1.500000E+03   2.021272E+01  
   1.625000E+03   2.018684E+01  
   1.750000E+03   2.016291E+01  
   1.875000E+03   2.014066E+01  
   2.000000E+03   2.011987E+01  
   2.250000E+03   2.008198E+01  
   2.500000E+03   2.004817E+01  
   2.750000E+03   2.001763E+01  
   3.000000E+03   1.998977E+01  
   3.250000E+03   1.996419E+01  
   3.500000E+03   1.994053E+01  
   3.750000E+03   1.991854E+01  
   4.000000E+03   1.989798E+01  
   4.250000E+03   1.987868E+01  
   4.500000E+03   1.986052E+01  
   4.750000E+03   1.984334E+01  
   5.000000E+03   1.982638E+01  
   5.500000E+03   1.974283E+01  
   6.000000E+03   1.966615E+01  
   6.750000E+03   1.956285E+01  
   7.500000E+03   1.947090E+01  
   8.000000E+03   1.941480E+01  
   8.500000E+03   1.936225E+01  
   9.000000E+03   1.931283E+01  
   9.500000E+03   1.926619E+01  
   1.000000E+04   1.922139E+01  
   1.125000E+04   1.903201E+01  
   1.250000E+04   1.886354E+01  
   1.375000E+04   1.871246E+01  
   1.500000E+04   1.857559E+01  
   1.750000E+04   1.833552E+01  
   2.000000E+04   1.812952E+01  
   2.250000E+04   1.784672E+01  
   2.500000E+04   1.759699E+01  
   2.750000E+04   1.737409E+01  
   3.000000E+04   1.717269E+01  
   3.250000E+04   1.693283E+01  
   3.500000E+04   1.671339E+01  
   3.750000E+04   1.651163E+01  
   4.000000E+04   1.632484E+01  
   4.250000E+04   1.611672E+01  
   4.500000E+04   1.592267E+01  
   4.750000E+04   1.574127E+01  
   5.000000E+04   1.557089E+01  
   5.250000E+04   1.538696E+01  
   5.500000E+04   1.521342E+01  
   5.750000E+04   1.504942E+01  
   6.000000E+04   1.489396E+01  
   6.500000E+04   1.457368E+01  
   7.000000E+04   1.428301E+01  
   7.500000E+04   1.399467E+01  
   8.000000E+04   1.373001E+01  
   8.500000E+04   1.346833E+01  
   9.000000E+04   1.322602E+01  
   9.500000E+04   1.298748E+01  
   1.000000E+05   1.276499E+01  
   1.050000E+05   1.254197E+01  
   1.100000E+05   1.233286E+01  
   1.150000E+05   1.213631E+01  
   1.200000E+05   1.195098E+01  
   1.250000E+05   1.176266E+01  
   1.300000E+05   1.158448E+01  
   1.400000E+05   1.125505E+01  
   1.500000E+05   1.093940E+01  
   1.600000E+05   1.065205E+01  
   1.700000E+05   1.037749E+01  
   1.800000E+05   1.012504E+01  
   1.900000E+05   9.884190E+00  
   2.000000E+05   9.660938E+00  
   2.100000E+05   9.447234E+00  
   2.200000E+05   9.247836E+00  
   2.300000E+05   9.057045E+00  
   2.400000E+05   8.878054E+00  
   2.600000E+05   8.544772E+00  
   2.800000E+05   8.242864E+00  
   3.000000E+05   7.967858E+00  
   3.200000E+05   7.716252E+00  
   3.400000E+05   7.485047E+00  
   3.600000E+05   7.271843E+00  
   3.800000E+05   7.074539E+00  
   4.000000E+05   6.891236E+00  
   4.200000E+05   6.720533E+00  
   4.400000E+05   6.561130E+00  
   4.600000E+05   6.411728E+00  
   4.800000E+05   6.271526E+00  
   5.000000E+05   6.139640E+00  
   5.500000E+05   5.841251E+00  
   6.000000E+05   5.580543E+00  
   6.500000E+05   5.350436E+00  
   7.000000E+05   5.145332E+00  
   7.500000E+05   4.961128E+00  
   8.000000E+05   4.794524E+00  
   8.500000E+05   4.642921E+00  
   9.000000E+05   4.504219E+00  
   9.500000E+05   4.376517E+00  
   1.000000E+06   4.258622E+00  
   1.100000E+06   4.047100E+00  
   1.200000E+06   3.862500E+00  
   1.300000E+06   3.699200E+00  
   1.400000E+06   3.553300E+00  
   1.500000E+06   3.421900E+00  
   1.600000E+06   3.302500E+00  
   1.700000E+06   3.193400E+00  
   1.800000E+06   3.093100E+00  
   1.900000E+06   3.000300E+00  
   2.000000E+06   2.914200E+00  
   2.100000E+06   2.833900E+00  
   2.200000E+06   2.758800E+00  
   2.300000E+06   2.688300E+00  
   2.400000E+06   2.621900E+00  
   2.500000E+06   2.559200E+00  
   2.600000E+06   2.499900E+00  
   2.700000E+06   2.443600E+00  
   2.800000E+06   2.390200E+00  
   2.900000E+06   2.339300E+00  
   3.000000E+06   2.290700E+00  
   3.200000E+06   2.199900E+00  
   3.400000E+06   2.116600E+00  
   3.600000E+06   2.039800E+00  
   3.800000E+06   1.968600E+00  
   4.000000E+06   1.902400E+00  
   4.200000E+06   1.840600E+00  
   4.400000E+06   1.782800E+00  
   4.600000E+06   1.728600E+00  
   4.800000E+06   1.677500E+00  
   5.000000E+06   1.629400E+00  
   5.200000E+06   1.583545E+00  
   5.250000E+06   1.572554E+00  
   5.400000E+06   1.540639E+00  
   5.500000E+06   1.520200E+00  
   5.600000E+06   1.499846E+00  
   5.750000E+06   1.470480E+00  
   5.800000E+06   1.460986E+00  
   6.000000E+06   1.424400E+00  
   6.200000E+06   1.389031E+00  
   6.250000E+06   1.380502E+00  
   6.400000E+06   1.355622E+00  
   6.500000E+06   1.339600E+00  
   6.600000E+06   1.323642E+00  
   6.800000E+06   1.292987E+00  
   7.000000E+06   1.263900E+00  
   7.500000E+06   1.195900E+00  
   8.000000E+06   1.134500E+00  
   8.500000E+06   1.078600E+00  
   9.000000E+06   1.027700E+00  
   9.500000E+06   9.810600E-01  
   1.000000E+07   9.381600E-01  
   1.050000E+07   8.985700E-01  
   1.100000E+07   8.619400E-01  
   1.150000E+07   8.279300E-01  
   1.200000E+07   7.962800E-01  
   1.250000E+07   7.667600E-01  
   1.300000E+07   7.391500E-01  
   1.350000E+07   7.132900E-01  
   1.400000E+07   6.890000E-01  
   1.450000E+07   6.661500E-01  
   1.500000E+07   6.446200E-01  
   1.550000E+07   6.242900E-01  
   1.600000E+07   6.050700E-01  
   1.650000E+07   5.868038E-01  
   1.700000E+07   5.696100E-01  
   1.750000E+07   5.531659E-01  
   1.800000E+07   5.376400E-01  
   1.850000E+07   5.227535E-01  
   1.900000E+07   5.086600E-01  
   1.950000E+07   4.951201E-01  
   2.000000E+07   4.822700E-01  
   2.100000E+07   4.581500E-01  
   2.200000E+07   4.360200E-01  
   2.300000E+07   4.156500E-01  
   2.400000E+07   3.968700E-01  
   2.500000E+07   3.795000E-01  
   2.600000E+07   3.634500E-01  
   2.700000E+07   3.481100E-01  
   2.800000E+07   3.329500E-01  
   2.900000E+07   3.189100E-01  
   3.000000E+07   3.056690E-01  
   3.100000E+07   2.941866E-01  
   3.200000E+07   2.834800E-01  
   3.300000E+07   2.733923E-01  
   3.400000E+07   2.639490E-01  
   3.500000E+07   2.550341E-01  
   3.600000E+07   2.466590E-01  
   3.800000E+07   2.312710E-01  
   4.000000E+07   2.175050E-01  
   4.200000E+07   2.051280E-01  
   4.400000E+07   1.939580E-01  
   4.500000E+07   1.887745E-01  
   4.600000E+07   1.838390E-01  
   4.800000E+07   1.746410E-01  
   5.000000E+07   1.662530E-01  
   5.200000E+07   1.585780E-01  
   5.400000E+07   1.515380E-01  
   5.500000E+07   1.482352E-01  
   5.600000E+07   1.450620E-01  
   5.800000E+07   1.390920E-01  
   6.000000E+07   1.335750E-01  
   6.200000E+07   1.284640E-01  
   6.400000E+07   1.237190E-01  
   6.500000E+07   1.214765E-01  
   6.600000E+07   1.193080E-01  
   6.800000E+07   1.151970E-01  
   7.000000E+07   1.113610E-01  
   7.200000E+07   1.077740E-01  
   7.400000E+07   1.044150E-01  
   7.500000E+07   1.028174E-01  
   7.600000E+07   1.012650E-01  
   7.800000E+07   9.830760E-02  
   8.000000E+07   9.552690E-02  
   8.200000E+07   9.290890E-02  
   8.400000E+07   9.044090E-02  
   8.500000E+07   8.926185E-02  
   8.600000E+07   8.811170E-02  
   8.800000E+07   8.591080E-02  
   9.000000E+07   8.382850E-02  
   9.200000E+07   8.185630E-02  
   9.400000E+07   7.998660E-02  
   9.500000E+07   7.908986E-02  
   9.600000E+07   7.821240E-02  
   9.800000E+07   7.652760E-02  
   1.000000E+08   7.492620E-02  
