2.83E-07	4.14E-07	1.72E+09
4.14E-07	5.32E-07	1.23E+10
5.32E-07	6.25E-07	1.62E+10
6.25E-07	6.83E-07	1.76E+10
6.83E-07	8.34E-07	1.77E+10
8.34E-07	8.76E-07	1.46E+10
8.76E-07	1.13E-06	1.47E+10
1.13E-06	1.45E-06	1.32E+10
1.45E-06	1.86E-06	9.30E+09
1.86E-06	2.38E-06	8.68E+09
2.38E-06	3.06E-06	6.20E+09
3.06E-06	3.93E-06	3.33E+09
3.93E-06	5.04E-06	2.82E+09
5.04E-06	6.48E-06	3.34E+09
6.48E-06	8.32E-06	1.85E+09
8.32E-06	1.07E-05	1.83E+09
1.07E-05	1.37E-05	1.90E+09
1.37E-05	1.76E-05	1.39E+09
1.76E-05	2.26E-05	1.22E+09
2.26E-05	2.90E-05	7.11E+08
2.90E-05	3.73E-05	7.54E+08
3.73E-05	4.79E-05	5.83E+08
4.79E-05	6.14E-05	4.95E+08
6.14E-05	7.89E-05	5.30E+08
7.89E-05	1.01E-04	3.18E+08
1.01E-04	1.30E-04	2.62E+08
1.30E-04	1.67E-04	2.46E+08
1.67E-04	2.15E-04	2.29E+08
2.15E-04	2.75E-04	1.89E+08
2.75E-04	3.54E-04	1.30E+08
3.54E-04	4.54E-04	1.16E+08
4.54E-04	5.83E-04	1.21E+08
5.83E-04	7.49E-04	1.00E+08
7.49E-04	9.61E-04	9.81E+07
9.61E-04	1.23E-03	5.25E+07
1.23E-03	1.36E-03	7.27E+07
1.36E-03	1.51E-03	7.87E+07
1.51E-03	1.58E-03	3.95E+07
1.58E-03	1.67E-03	6.65E+07
1.67E-03	1.84E-03	7.24E+07
1.84E-03	2.03E-03	7.41E+07
2.03E-03	2.25E-03	4.46E+07
2.25E-03	2.48E-03	5.55E+07
2.48E-03	2.61E-03	6.48E+07
2.61E-03	2.75E-03	4.27E+07
2.75E-03	2.86E-03	5.90E+07
2.86E-03	3.04E-03	6.76E+07
3.04E-03	3.35E-03	3.13E+07
3.35E-03	3.71E-03	4.49E+07
3.71E-03	4.10E-03	3.77E+07
4.10E-03	4.31E-03	4.30E+07
4.31E-03	4.53E-03	3.38E+07
4.53E-03	5.00E-03	4.06E+07
5.00E-03	5.53E-03	3.73E+07
5.53E-03	6.27E-03	3.30E+07
6.27E-03	7.10E-03	3.15E+07
7.10E-03	8.05E-03	2.79E+07
8.05E-03	9.12E-03	2.42E+07
9.12E-03	1.03E-02	2.42E+07
1.03E-02	1.17E-02	2.27E+07
1.17E-02	1.33E-02	2.26E+07
1.33E-02	1.50E-02	2.07E+07
1.50E-02	1.70E-02	2.01E+07
1.70E-02	1.93E-02	1.83E+07
1.93E-02	2.13E-02	1.75E+07
2.13E-02	2.19E-02	1.87E+07
2.19E-02	2.36E-02	1.75E+07
2.36E-02	2.42E-02	2.04E+07
2.42E-02	2.48E-02	2.17E+07
2.48E-02	2.61E-02	2.53E+07
2.61E-02	2.81E-02	1.55E+07
2.81E-02	3.18E-02	9.70E+06
3.18E-02	3.43E-02	1.16E+07
3.43E-02	3.52E-02	1.12E+07
3.52E-02	3.61E-02	1.07E+07
3.61E-02	4.09E-02	1.16E+07
4.09E-02	4.63E-02	1.22E+07
4.63E-02	5.25E-02	1.17E+07
5.25E-02	5.66E-02	1.10E+07
5.66E-02	5.95E-02	1.12E+07
5.95E-02	6.25E-02	1.07E+07
6.25E-02	6.74E-02	1.05E+07
6.74E-02	7.64E-02	1.08E+07
7.64E-02	8.65E-02	9.61E+06
8.65E-02	9.80E-02	9.18E+06
9.80E-02	1.11E-01	9.31E+06
1.11E-01	1.17E-01	9.71E+06
1.17E-01	1.23E-01	9.32E+06
1.23E-01	1.29E-01	1.01E+07
1.29E-01	1.36E-01	9.29E+06
1.36E-01	1.43E-01	8.52E+06
1.43E-01	1.50E-01	7.71E+06
1.50E-01	1.58E-01	8.30E+06
1.58E-01	1.62E-01	8.47E+06
1.62E-01	1.66E-01	8.79E+06
1.66E-01	1.70E-01	8.72E+06
1.70E-01	1.74E-01	7.92E+06
1.74E-01	1.83E-01	8.87E+06
1.83E-01	1.93E-01	7.80E+06
1.93E-01	2.02E-01	7.64E+06
2.02E-01	2.13E-01	7.65E+06
2.13E-01	2.24E-01	7.71E+06
2.24E-01	2.35E-01	7.62E+06
2.35E-01	2.47E-01	7.94E+06
2.47E-01	2.60E-01	7.64E+06
2.60E-01	2.73E-01	7.92E+06
2.73E-01	2.80E-01	7.42E+06
2.80E-01	2.87E-01	7.00E+06
2.87E-01	2.95E-01	7.21E+06
2.95E-01	3.02E-01	7.76E+06
3.02E-01	3.10E-01	7.91E+06
3.10E-01	3.18E-01	7.69E+06
3.18E-01	3.34E-01	6.95E+06
3.34E-01	3.51E-01	7.46E+06
3.51E-01	3.69E-01	6.94E+06
3.69E-01	3.88E-01	6.99E+06
3.88E-01	4.08E-01	6.56E+06
4.08E-01	4.29E-01	6.00E+06
4.29E-01	4.51E-01	5.55E+06
4.51E-01	4.74E-01	6.04E+06
4.74E-01	4.98E-01	6.15E+06
4.98E-01	5.11E-01	5.74E+06
5.11E-01	5.23E-01	6.14E+06
5.23E-01	5.37E-01	5.81E+06
5.37E-01	5.50E-01	5.83E+06
5.50E-01	5.78E-01	5.75E+06
5.78E-01	6.08E-01	5.70E+06
6.08E-01	6.39E-01	5.62E+06
6.39E-01	6.72E-01	5.22E+06
6.72E-01	7.07E-01	5.22E+06
7.07E-01	7.43E-01	4.89E+06
7.43E-01	7.81E-01	4.62E+06
7.81E-01	8.21E-01	4.45E+06
8.21E-01	8.63E-01	4.26E+06
8.63E-01	9.07E-01	3.90E+06
9.07E-01	9.54E-01	3.75E+06
9.54E-01	9.62E-01	3.79E+06
9.62E-01	9.78E-01	3.44E+06
9.78E-01	1.003	3.43E+06
1.003	1.054	3.19E+06
1.054	1.108	3.14E+06
1.108	1.165	2.86E+06
1.165	1.194	2.64E+06
1.194	1.225	2.67E+06
1.225	1.287	2.45E+06
1.287	1.353	2.25E+06
1.353	1.423	2.05E+06
1.423	1.496	1.91E+06
1.496	1.534	1.85E+06
1.534	1.572	1.73E+06
1.572	1.612	1.75E+06
1.612	1.653	1.61E+06
1.653	1.738	1.57E+06
1.738	1.827	1.47E+06
1.827	1.873	1.41E+06
1.873	1.92	1.30E+06
1.92	1.969	1.25E+06
1.969	2.019	1.25E+06
2.019	2.122	1.15E+06
2.122	2.231	1.08E+06
2.231	2.269	1.03E+06
2.269	2.307	1.06E+06
2.307	2.346	1.01E+06
2.346	2.365	1.03E+06
2.365	2.385	9.74E+05
2.385	2.425	9.50E+05
2.425	2.466	9.99E+05
2.466	2.592	8.79E+05
2.592	2.725	7.99E+05
2.725	2.865	7.85E+05
2.865	3.012	7.20E+05
3.012	3.088	6.89E+05
3.088	3.166	6.76E+05
3.166	3.247	6.40E+05
3.247	3.329	6.23E+05
3.329	3.499	5.75E+05
3.499	3.679	5.53E+05
3.679	3.867	5.06E+05
3.867	4.066	4.73E+05
4.066	4.274	4.58E+05
4.274	4.493	4.15E+05
4.493	4.607	3.97E+05
4.607	4.724	3.83E+05
4.724	4.843	3.74E+05
4.843	4.966	3.59E+05
4.966	5.22	3.32E+05
5.22	5.488	3.02E+05
5.488	5.77	2.90E+05
5.77	5.916	2.68E+05
5.916	6.065	2.58E+05
6.065	6.219	2.55E+05
6.219	6.376	2.38E+05
6.376	6.538	2.33E+05
6.538	6.592	2.32E+05
6.592	6.648	2.30E+05
6.648	6.703	2.20E+05
6.703	6.873	2.09E+05
6.873	7.047	2.11E+05
7.047	7.225	1.91E+05
7.225	7.408	1.91E+05
7.408	7.596	1.88E+05
7.596	7.788	1.73E+05
7.788	7.985	1.73E+05
7.985	8.187	1.62E+05
8.187	8.395	1.53E+05
8.395	8.607	1.51E+05
8.607	8.825	1.38E+05
8.825	9.048	1.24E+05
9.048	9.277	1.27E+05
9.277	9.512	1.22E+05
9.512	9.753	1.16E+05
9.753	10	1.05E+05
10	10.25	1.03E+05
10.25	10.51	1.03E+05
10.51	10.78	9.30E+04
10.78	11.05	8.99E+04
11.05	11.33	8.45E+04
11.33	11.62	7.86E+04
11.62	11.91	7.91E+04
11.91	12.21	7.14E+04
12.21	12.52	6.76E+04
12.52	12.84	6.33E+04
12.84	13.17	6.44E+04
13.17	13.5	6.27E+04
13.5	13.84	5.61E+04
13.84	14.19	5.55E+04
14.19	14.55	5.36E+04
14.55	14.92	4.79E+04
14.92	15.3	4.57E+04
15.3	15.68	4.49E+04
15.68	16.08	4.65E+04
16.08	16.49	4.21E+04
16.49	16.9	4.17E+04
16.9	17.33	3.68E+04
17.33	17.77	3.52E+04
17.77	18.22	3.26E+04
18.22	18.68	3.39E+04
18.68	19.16	3.03E+04
19.16	19.64	2.92E+04
19.64	20	2.91E+04
20	26.8	2.06E+04
26.8	35.91	1.26E+04
35.91	48.12	8.97E+03
48.12	64.47	6.15E+03
64.47	86.39	3.83E+03
86.39	115.8	2.21E+03
115.8	155.1	1.05E+03
155.1	207.8	3.48E+02
207.8	278.5	6.50E+01
278.5	373.2	3.86E+00
